   1      "ao-r+ah"    1    1.006381   9.030945   1.335113
   2      "ao-r+iy"    1    0.999790   8.472948   4.593062
   3      "ao-r+jh"    1    1.012913   8.455338   3.447950
   4         "t+uw"    6   26.059540  34.823036  37.246777
   5      "ah-w+ah"    1    1.000077   1.087645   1.077406
   6      "ah-w+eh"    1    1.017960   1.858512   3.704433
   7      "ey-w+eh"    1    6.294219   5.094461   6.198196
   8         "t-er"    5   33.333500   7.419924  95.163322
   9       "d-eh+p"    1    3.933153   1.007074  20.474329
  10         "t-uw"    6  128.491028  42.143387  59.221561
  11      "iy-d+ah"    1    0.999945   0.999889   0.999889
  12           "ow"    5  147.753204  81.561859  84.650848
  13           "sp"  245  1179.250000
  14         "aw-n"    2    2.046454  25.640190  20.932247
  15         "aw-t"    3   22.383068   6.150155  13.457124
  16      "m-ey+sh"    2   20.634680   2.363590   1.999808
  17       "g-ih+f"    1    0.999902   8.057261   9.985454
  18         "ay-n"    5   10.735551  18.988785  32.507576
  19         "ay-t"    4    8.207518   7.168906  31.843456
  20         "ay-v"    5   12.380592  40.988361  35.285690
  21         "ay-z"    1    4.796137  11.425137  32.606636
  22      "ae-k+ch"    1    3.822474   3.970643   1.011939
  23       "n-f+ao"    1    4.626204   4.375833   0.999936
  24       "n-f+er"    1    4.112573   6.547060   9.692694
  25      "er-iy+m"    1    1.001406   0.999877   4.369125
  26      "y-ah+ng"    6    8.971104  14.781459  87.711357
  27       "m-b+aa"    1    0.999997   0.999997   1.000017
  28       "m-b+ah"    2    2.004647   2.000167   1.999840
  29       "f-g+ae"    1    1.005293   8.549143   1.143752
  30         "l+ae"    1    0.999989   1.459848   2.266713
  31         "l+ah"    1    2.883909   3.167812   1.948232
  32         "l+aw"    2    1.999794   2.007982   8.551113
  33         "l+eh"    2   10.559913   7.511685   1.999974
  34         "l+ih"    2    1.999884   6.341860   6.921417
  35       "b-ey+s"    1   10.218940   3.769995   0.999934
  36         "l+ow"    1    4.859985   1.273941   1.000713
  37      "ch-ah+w"    1    1.331401   1.052375   1.000470
  38         "l-ey"    1   23.397619   3.078988   0.999925
  39         "l-ow"    2   47.619701  29.681536  18.447859
  40       "g-ae+n"    1    1.000274   6.427672   3.376007
  41       "g-ae+t"    1    1.000025   0.999984   1.354801
  42     "ah-dh+er"    1    4.009637   7.289771   1.000490
  43        "k-s+f"    1    3.285809   4.881805   7.508592
  44        "k-s+p"    1    2.439478   2.578587  13.991195
  45        "k-s+t"    1    3.025676  13.582466  12.372917
  46      "ch-iy+v"    1    4.216105  11.196083  11.377364
  47      "jh-ah+n"    1    1.003147   0.999940   4.481323
  48      "jh-ah+t"    1    7.998701   2.634999   2.857935
  49       "g-ah+z"    1    0.999984   1.001395   1.000133
  50      "ih-s+ah"    1    5.138666   9.883302   4.302803
  51       "d-ey+l"    1   15.143588   2.881302   1.019980
  52       "d-ey+r"    1    9.442096   1.160900   1.000300
  53       "d-ey+t"    1    7.529098   3.422932   1.047164
  54      "r-uw+hh"    1    0.999949   1.015039   0.999870
  55        "th-ah"    1    1.001653   1.000286   0.999906
  56       "k-ih+p"    1    1.145104   8.033791   4.219718
  57      "er-ay+z"    1    7.530385   1.000020   1.000115
  58      "l-eh+zh"    2    2.314364   2.014994   2.613244
  59      "g-er+ih"    1    1.033058   1.054699  11.853520
  60      "iy-m+ae"    1    1.141556   4.501546   1.192817
  61      "iy-m+ey"    4    5.561332  20.379532  20.857443
  62        "n-d+z"    1    0.999978   0.999978   0.999981
  63         "d+ae"    2    6.096042  27.988194  10.142138
  64         "d+aw"    1    1.041654  10.779435  12.255737
  65         "d+ay"    6   13.793526  20.971861  16.309278
  66         "d+eh"    1    3.529624   6.090742  15.386683
  67         "d+ey"    2    6.910694   6.348445  51.823212
  68         "d+ih"    3   11.781651  31.025370  16.561869
  69      "ah-g+eh"    2    7.312211  17.659834  33.248161
  70      "aa-l+ah"    2    2.038418  11.516719   2.452816
  71       "k-aa+l"    1    1.695518   1.002741   7.951876
  72       "k-aa+m"    1    1.408343   3.678696   1.270827
  73       "k-aa+p"    1    2.882555   4.019756   2.322305
  74      "aa-l+ih"    1    2.374700   3.129592   1.003101
  75      "aa-l+iy"    1    6.151959   2.955627   0.999930
  76      "er-l+ih"    1    6.132337   4.703418   1.000242
  77      "uw-t+ao"    1    1.670959  22.582224   5.321236
  78      "uw-t+er"    6   14.633154  15.733138  19.223063
  79         "d-er"    2    3.353664   3.050887  42.597397
  80         "d-iy"    1    3.096253  10.064901   4.656089
  81       "r-uh+k"    1    1.000679   3.079655   3.968209
  82      "ae-t+ah"    1    1.002887   1.993772   2.535359
  83      "ae-t+er"    1    1.999335   3.325706   3.669034
  84       "m-ih+d"    1    1.260572   9.658802   2.026029
  85       "m-ih+n"    1    3.522402   1.059888   4.205192
  86      "l-ey+er"    1   10.852720   1.394636   1.000152
  87       "r-w+er"    1    2.994792   0.999775   0.999774
  88       "l-eh+k"    1    1.015391   1.001028   5.647715
  89      "g-ah+th"    1    3.081032   3.041936   4.850112
  90       "k-ah+l"    3    6.830255  22.578009   8.468040
  91       "k-ah+m"    5    9.047052   5.116828   6.888396
  92       "k-ah+n"    1    1.418230   0.999958   0.999940
  93       "k-ah+p"    1    2.064698   1.035711   6.852637
  94       "s-b+oy"    1    3.475959   5.167654   3.025048
  95       "l-g+er"    1    1.000028   1.009771   0.999987
  96     "eh-zh+er"    4   50.790028  53.841297  16.346897
  97       "p-uw+d"    1    0.999889   1.024543   1.000328
  98     "ey-zh+ah"    1    0.999966   9.998357  16.022720
  99      "n-ch+er"    1    0.999861   4.667999   9.330740
 100     "ey-zh+ih"    1    0.999746   4.392879   0.999734
 101       "b-y+uw"    1    1.003041   1.001078   0.999990
 102       "t-w+eh"    1    2.935934  10.099566   1.463899
 103       "t-w+ey"    1    3.011724   6.355905   4.586442
 104       "m-ae+n"    1    2.808840  16.962675   3.074693
 105       "n-eh+k"    1    0.999940   0.999990   7.508851
 106      "aa-d+iy"    1    2.070849   1.017337   1.867836
 107        "n-s+d"    1    4.215295   3.213170   4.082270
 108        "n-s+t"    1    4.520871   4.243128   7.940784
 109        "n-t+r"    1    3.001847   1.847529   3.718169
 110      "ae-l+ah"    1   11.440249   1.349000   1.014902
 111       "m-ah+n"    1    2.881671   5.681701   2.526734
 112       "m-ah+t"    1    0.999903   0.999903   0.999903
 113       "m-ah+z"    1    1.077066   1.231556  11.076561
 114       "k-ao+l"    5   16.990471  77.804131  43.450390
 115      "ah-ng+k"    1    5.294512   0.999878   1.001499
 116       "g-l+ae"    1    0.999830   6.949266   1.000420
 117      "eh-v+ah"    5   27.561232  94.394272  34.095322
 118      "iy-v+iy"    1    2.049250   0.999795   0.999804
 119      "uh-r+ih"    1    1.000038   2.257091   6.800697
 120      "l-hh+eh"    1    1.002383   1.148790   2.588708
 121         "m+eh"    3   11.973467  16.003914   9.986252
 122         "m+ey"    1    6.014196   4.088567   5.640677
 123         "m+ih"    2   10.105426   2.562997   3.305966
 124     "ah-th+ah"    1    1.003145   1.869415   1.001939
 125     "uw-ey+sh"    1   15.663285   3.371639   1.000221
 126      "ah-p+ah"    1   11.252741   1.909823   1.842546
 127      "ah-p+er"    1    1.270842   6.677217   2.239633
 128      "f-er+th"    1   20.303789   4.002232   0.999936
 129       "aw-n+d"    1    1.156569   1.037442   1.907349
 130       "aw-n+t"    1    3.757957   1.017791   1.448480
 131       "l-ey+n"    5   72.543289  19.516750   8.741202
 132       "l-ey+t"    1    9.488111   7.665549   1.308191
 133       "k-aw+n"    1    1.006523   1.066736  21.635601
 134       "s-ih+k"    5   12.973116  44.685863  50.396751
 135       "s-ih+n"    1    3.886158   1.879888   1.009824
 136       "t-uw+t"    1    6.326106   5.732954  10.199919
 137      "m-er+sh"    1    1.011216   1.080830  16.275061
 138      "ih-t+ah"    3    7.754714   4.004974   5.009501
 139      "uw-d+ah"    1    1.006236   5.384579   1.664674
 140       "r-eh+d"    1    1.938139  27.132856   1.002365
 141       "s-k+aa"    1    2.778862   1.894748   1.099888
 142       "s-k+ih"    1    2.120106   1.689977   1.054297
 143      "ae-d+ah"    1    1.129499   0.999840   0.999838
 144      "eh-n+ah"    1    1.146703   5.666667   1.065065
 145      "eh-n+ch"    1    2.794491   2.466790   2.784519
 146      "eh-n+ih"    1    1.054911   1.532897   1.364671
 147       "s-aa+f"    2    5.087902  19.811867   2.102588
 148       "s-aa+l"    1    2.974512   1.003215   1.027414
 149        "d-s+t"    1    5.142571  12.840086   1.876960
 150       "p-er+v"    1    1.102382   4.020374  13.308730
 151     "aa-hh+aa"    1    0.999904  18.672045  15.212089
 152      "ae-sh+b"    1    2.995131   0.999869   2.834735
 153      "aa-m+ah"    1    1.108696   3.111809   1.917165
 154       "s-ae+d"    1    2.840697  12.946033   0.999919
 155     "uw-hh+aa"    1    1.000156  25.549078   1.576986
 156         "th+r"    5    8.007320  14.473825  61.522202
 157       "s-ah+n"    1    1.632778   1.338519   1.027121
 158         "v+aa"    3    2.999817   3.969253  10.013434
 159         "v+ae"    1    0.999769   0.999769   8.816049
 160      "ih-l+er"    1    1.074897   2.642544   1.008092
 161      "ih-l+ey"    1    8.003066   5.526181   1.008359
 162       "b-oy+z"    1   11.088282   6.892728   2.997444
 163      "ih-l+ih"    1    6.257759   2.524070   1.013645
 164      "hh-ah+l"    1    1.000121   1.083344   1.419828
 165      "ih-l+ow"    1    7.281896   1.520662   1.000260
 166        "zh-ah"    2    2.006705   2.375928  35.055744
 167        "zh-er"    4    6.435714  12.081724  52.781181
 168      "th-r+ay"    1   13.119081  11.171281   5.450695
 169      "th-r+iy"    5   70.740540  16.039366  46.265930
 170      "k-hh+ey"    1    1.002089   0.999965   0.999946
 171       "v-eh+l"    1    4.020969   1.096225   3.979156
 172       "v-eh+n"    1    3.882329   1.014101  10.071530
 173      "v-iy+ah"    1    3.002103   7.523715   5.446046
 174       "t-er+z"    2    2.005398   2.213785  24.802055
 175       "r-ey+d"    1   10.218390   3.014039   0.999933
 176      "uw-m+ah"    1    1.000002   2.179652   2.424448
 177     "ih-dh+ah"    2    7.036541   7.685581   7.267485
 178       "s-t+aa"    2    2.000296   3.394589   4.033797
 179       "s-t+iy"    6   10.206425  12.638299  10.122499
 180       "l-y+ah"    1    0.999848   6.828975   1.000643
 181      "l-er+ey"    1    1.013293   1.002279  12.934438
 182      "l-er+iy"    1    1.602551   1.049927  15.595792
 183       "l-y+uw"    3    5.521625   3.307979   4.789482
 184        "ch+oy"    1    0.999989   3.367251  13.406136
 185     "ey-sh+ah"    6   24.976372  56.122818  31.533976
 186        "ch-er"    2    2.205571   3.632411  32.945210
 187         "n+ay"    5   59.070126  58.657398  59.827129
 188       "f-ow+n"    5   98.612061  20.123417   8.300887
 189         "n+eh"    1    0.999869   0.999865   0.999859
 190      "ih-d+ah"    1    1.036904   1.000001   0.999956
 191         "n+iy"    1    2.345648   7.192049   1.529070
 192      "ao-l+dh"    1    0.999963  14.058668   0.999965
 193       "w-ah+l"    1    1.000428   1.168459   1.599485
 194       "w-ah+n"    5   15.681177   7.210646  12.852674
 195       "t-ey+t"    1   14.004081   4.940466   3.984818
 196      "er-v+ae"    1    1.302173   1.000061   0.999809
 197      "hh-aw+t"    1    8.158774  47.137955   4.931549
 198       "n-y+ah"    1    8.531821   1.715833   1.000810
 199       "s-ay+k"    1    0.999962   0.999962   0.999962
 200       "s-ay+l"    1    1.001726   0.999902   0.999900
 201      "ih-sh+m"    1    5.741217   1.000094   4.745911
 202      "ay-k+ah"    1    0.999962   0.999962   0.999962
 203      "n-ih+th"    1    1.005473   1.000043   0.999908
 204       "b-r+ay"    2   14.526424  32.334167  12.755511
 205       "b-r+ih"    1    1.413325   2.406687   2.654421
 206       "w-iy+k"    1    3.913774   2.373624   6.657681
 207       "b-r+uh"    1    4.068706   8.966732   1.007266
 208       "b-r+uw"    1    2.682447   1.000550   1.017511
 209     "hh-aa+hh"    1    1.000516   3.297290   1.008631
 210      "d-ih+jh"    1   11.009945   7.881765   3.022913
 211      "d-ih+ng"    1    3.016521   7.861558   9.212609
 212       "y-ah+b"    1    1.022326   3.177064   1.000119
 213       "y-ah+l"    1    1.002640   1.095327   1.004048
 214       "y-ah+t"    2    2.859956   2.046327   2.035816
 215       "p-y+ah"    2    6.438851   2.228872   2.321748
 216      "uh-k+eh"    1    3.694398   1.314277   1.001452
 217      "n-iy+zh"    1    4.004203   9.948061   1.012172
 218       "p-y+uw"    5   32.376759  14.247081   5.446286
 219      "uh-k+hh"    1    1.031311   2.002986   1.004681
 220         "f+ao"    7   43.903908  74.009079  14.885969
 221         "f+ay"    5   55.735107  51.901207 105.273659
 222         "f+iy"    1    1.622910   4.922826   1.010455
 223         "f+ow"    5   21.709698  84.750092  37.104305
 224      "ay-ah+l"    5   15.791575  24.493958 126.909172
 225      "ay-ah+t"    1    1.000188   1.000028   0.999878
 226         "uh-d"    1    4.569161  16.394508   1.003454
 227      "aw-t+uw"    1    0.999779   0.999779   0.999785
 228         "w+ah"    5   24.263138  63.025707  95.656555
 229         "w+eh"    2   10.600691   7.928257   2.015747
 230         "w+iy"    1    7.304783   4.052052   0.999882
 231         "w+uh"    1    1.001836   0.999929   0.999929
 232      "ah-z+ey"    1    5.140065   5.687614   4.090946
 233       "s-d+ey"    1    3.527992   1.013092   5.042879
 234       "l-ow+n"    1    6.534875   1.015922   1.000016
 235         "w-ey"    1   12.817118   9.238325   3.050955
 236       "z-ey+b"    1    6.071093   6.299781   1.022223
 237     "ah-ch+iy"    1   68.663452  14.777918  10.333358
 238      "w-eh+dh"    3   12.144181  15.576377  13.615723
 239      "ay-t+ah"    2    2.198369   3.623047   6.122930
 240      "ay-t+ih"    1    3.028110   1.005586   2.220718
 241        "sh+ae"    1    1.360910   1.005740   5.024477
 242        "sh+ow"    1    4.840100  13.167972   7.803132
 243          "b+l"    1    1.001704   1.009724  33.409203
 244          "b+r"    5   13.029223  57.360100  38.069683
 245        "sh-ow"    1   25.244495   9.260391  12.860438
 246      "l-dh+ow"    1    2.169567   1.714729   1.000314
 247          "d-z"    2   13.331870  22.961697  37.309406
 248        "ow-er"    1    1.038666   1.004778  15.832148
 249          "g+l"    1   37.464981   9.153036   0.999830
 250      "d-ae+sh"    1   11.913161  13.306869   3.694304
 251         "uw-b"    1    2.940933  42.065746   1.004358
 252         "uw-m"    1    1.000209   0.999930   1.360317
 253         "uw-t"    1    1.939077  13.913766   9.060639
 254      "ey-r+iy"    1    1.001642   7.899727   1.092475
 255          "k+r"    4   10.016299  13.303849  23.314560
 256          "k+w"    1    1.866296   1.601894   2.482308
 257          "k+y"    4   13.007130  17.002541  12.006807
 258          "k-s"    6   18.628723  49.552624  42.828762
 259      "ay-l+ah"    1    1.000403   1.000046   1.000154
 260          "l-p"    2    4.425627   2.095990   2.004222
 261          "l-t"    1    1.486090   2.120683   3.977379
 262          "l-z"    3   12.998115  47.997406  46.683750
 263      "sh-b+ao"    1    7.724405   1.195381   1.244365
 264          "m+y"    1    5.044096   1.000000   1.151462
 265          "m-z"    1    5.503013  12.479050   7.140219
 266          "n-d"    3   13.991926   9.559002  28.153576
 267          "n-s"    1    5.089060  14.486742   1.011750
 268          "n-t"    3    6.660484   8.001602  37.497379
 269      "ih-v+eh"    1    3.008768   0.999888   0.999888
 270     "ih-jh+ah"    2   17.035646  33.616798   7.243030
 271          "p+l"    2    2.240988   3.809535  17.784254
 272          "p+r"    1    1.005861  13.367730   7.309125
 273          "p+y"    2    2.025558  16.129522  38.107224
 274       "l-r+ay"    1    1.000848  15.912006   9.951115
 275       "uw-m+y"    1    1.000033   2.282013   1.080355
 276        "ih+sh"    1    6.154480   6.136944   1.365232
 277         "eh+r"    2    5.444950   2.064591  11.608928
 278         "eh-d"    2   10.672740  16.030910  27.754297
 279         "eh-l"    1   14.948879   2.334802  31.417547
 280         "eh-r"    1    1.002556  13.362452   1.004137
 281         "eh-t"    1    9.130175   4.058517   9.937683
 282      "aw-d+er"    2    6.583596   2.001993   6.890475
 283        "m-p+l"    2    2.452965   2.227012   5.490628
 284        "m-p+y"    5   15.272797   9.772678  11.865481
 285          "r-d"    1    0.999825   0.999833   1.007459
 286          "r-t"    1    1.999345   0.999876   0.999864
 287      "eh-p+th"    1    6.398804   1.019287   4.146824
 288       "r-ow+b"    1    7.562993   1.371260   1.000058
 289        "ih-ng"    5   21.581934  47.785847  60.217457
 290      "uh-l+hh"    1    9.969311   7.701280   1.192549
 291          "s+k"    2    5.132473  15.768052  18.263182
 292          "s+t"    8   37.677895  97.568253  60.130081
 293          "s-t"    3    5.802137   8.746985  11.132726
 294        "ih-sh"    1    3.245993  16.112207  14.781965
 295        "ih-th"    1    7.018272   6.045901   6.953761
 296         "g+ae"    1   15.164542   6.710107  14.690258
 297         "g+ah"    1    1.133500   5.088398   3.892567
 298         "g+ey"    1    2.880675   7.065335   8.157360
 299         "g+ih"    1   42.133934   5.931902   1.000944
 300          "sil"   80  753.426208 1179.250000 4683.543457
 301       "b-ih+k"    1    3.966827   7.940925   7.961459
 302       "b-ih+l"    1    3.564377   3.286503   4.425174
 303       "b-ih+t"    1   19.336910   4.984476   9.210117
 304        "iy-ah"    3    7.326945  11.385602  63.368660
 305       "m-n+iy"    1    1.006558   1.000246   2.009068
 306      "ih-n+iy"    1    1.201192   0.999908   0.999998
 307       "b-aa+d"    1    4.123192  10.986022   3.962378
 308       "b-aa+k"    1    1.976042   9.963216   6.153593
 309       "b-aa+l"    1   19.091764  11.606171   1.000005
 310         "er-d"    1    1.000148   0.999798   1.004498
 311         "er-z"    2   12.016982  30.923494  40.397190
 312      "ih-n+th"    1    1.002951   1.000044   1.005116
 313       "d-ih+l"    1    8.990822   4.917709   4.874171
 314       "d-ih+v"    1    7.969938   1.003016   2.016712
 315       "p-r+iy"    1    7.560060   1.024060   3.640283
 316       "b-ae+k"    1    4.728361  15.262580   8.893888
 317       "b-ae+t"    1   12.391625   6.134825   8.441733
 318      "ah-b+aa"    1    1.128038   1.007520  21.781204
 319      "ah-b+ah"    1    1.039232   1.006470   1.007017
 320      "ah-b+aw"    4    8.951339  11.734503  69.875755
 321      "ah-b+ey"    1    5.176152   0.999815   1.014155
 322      "ey-b+ow"    1    1.041046   1.421702   3.264041
 323     "er-zh+ah"    1    2.095374  13.923589   6.301837
 324       "d-aa+m"    1    5.135277   1.009167   5.743060
 325         "ey+t"    5  116.088913  32.218006  80.153458
 326       "b-ah+l"    3    4.999385   3.019733   6.983869
 327       "b-ah+n"    1    1.003738   1.045616   1.001713
 328       "b-ah+s"    1    3.986986   1.247490  11.624473
 329         "ey-d"    2    3.606616  17.816832  17.323734
 330         "ey-l"    3   26.927286  10.137413  62.650036
 331         "ey-n"    5    6.962498  20.149885  48.702259
 332         "ey-s"    1    4.045901  10.801985  15.030650
 333         "ey-t"    6   22.901146  15.346617  30.458666
 334       "k-w+ay"    1    3.909704   6.987220  12.997688
 335       "d-ae+n"    1    4.811331  12.289276   4.933714
 336      "sh-ae+m"    1    2.972797   7.248717   3.422909
 337       "b-iy+t"    1    5.252337   6.688830   8.977271
 338         "p+uw"    1    1.108405  14.931953   7.181622
 339         "p-er"    1    0.999961   3.804841  13.171782
 340       "d-ah+l"    5   10.009005  25.830515  18.389374
 341       "b-ao+r"    1    2.997782   0.999832   4.550891
 342      "sh-ah+l"    1    1.965026   1.005322   1.000404
 343      "sh-ah+n"    7   16.275644   7.188135  24.871632
 344         "p-th"    1    7.524895   1.454146   6.982935
 345       "t-r+ih"    1    1.432746   1.002650   1.298324
 346       "t-r+iy"    1    2.389033   0.999911  10.558901
 347      "jh-eh+s"    1    3.292953  22.768133  13.831499
 348       "g-eh+n"    1    0.999907   1.000249   0.999907
 349      "n-ey+sh"    1   12.780796   1.173839   0.999842
 350      "zh-ah+n"    1    0.999755   1.002741   0.999964
 351      "ae-g+ah"    1    1.002544   3.083346   0.999901
 352      "er-ey+d"    1   10.923883   5.934784   2.760601
 353       "b-aw+n"    1    7.293882  13.940769  14.887638
 354       "b-aw+t"    3   11.883320   5.834809  56.622425
 355      "ah-k+aw"    1    1.016839   8.987643   6.028237
 356      "aa-p+iy"    1    2.622361   1.032137   4.079193
 357       "f-iy+m"    1    6.234166   8.159568   3.834483
 358      "p-ah+ng"    1    3.490571   1.176731   8.690621
 359       "f-ao+r"    9   32.811264  53.477478  94.258171
 360       "b-l+ey"    1    1.000472   6.542079   1.000148
 361       "d-aw+n"    1    2.289473   6.134300  16.555515
 362       "l-ih+s"    1    8.956072   4.361346   2.628137
 363       "l-ih+t"    1    1.418306   5.196981   7.047536
 364         "y+ah"    6   55.832970  17.018223   6.189941
 365       "f-t+er"    2    5.925645   5.011304   5.809844
 366        "f-t+w"    1    4.146310   1.873996   2.083342
 367       "s-f+ao"    1    1.000576   1.167618   1.337190
 368       "k-eh+n"    5    9.915358  10.896079  44.158527
 369         "y-ah"    1    1.001890   3.342076  12.347935
 370        "s-p+l"    1    0.999914   0.999913   1.000354
 371         "y-uw"    1   12.998098   7.076047  17.958809
 372       "ey-l+z"    1    9.992721   1.008446   1.000004
 373       "ao-l+r"    1   12.015664   1.023027   1.000677
 374       "ao-l+t"    1    5.001114   3.615175   2.191047
 375       "g-ey+t"    1    5.730947   6.111256   1.143665
 376        "s-t+r"    1    0.999935   1.018257   1.682697
 377      "w-ay+ah"    1   16.889494   1.070671   1.001725
 378      "hh-uh+d"    1    0.999905   1.008352   2.991226
 379      "uw-p+ah"    1    1.000433   1.002869   2.303668
 380     "ay-jh+eh"    1   11.365604  22.014425  18.988665
 381      "uw-p+er"    1    1.000316   0.999851   2.911500
 382       "f-ay+v"    5   24.263760  10.597232   7.302202
 383       "l-ae+d"    1    1.003998  14.014772   3.036829
 384       "l-ae+n"    1   11.688295   1.007755   1.044359
 385       "m-eh+t"    1    1.001170   1.006582  11.357773
 386       "b-d+aa"    1    0.999858   1.028543  11.830307
 387       "ae-b+d"    1    0.999925   0.999879   1.001484
 388       "ao-r+d"    1    0.999826  10.446679   0.999833
 389       "ao-r+m"    1    1.002197   3.974678   1.001175
 390       "ao-r+w"    1    1.000705  23.381559   1.007602
 391       "ey-t+w"    1    1.692291   1.164857   2.013365
 392       "l-ah+n"    2    2.089551   2.324956  17.547947
 393       "l-ah+p"    1    0.999925   1.000067   1.002400
 394       "l-ah+s"    1    1.001746   1.311898   2.565253
 395       "l-ah+t"    2    4.005420   4.963951   2.029264
 396       "l-ah+v"    1    4.035650   1.721951   5.391417
 397       "l-ah+w"    1    4.631586   1.076037   1.021184
 398       "k-er+l"    1    1.008552   3.002037  18.097383
 399       "ae-d+v"    1    1.096005   1.014868   1.294662
 400       "ae-d+w"    1    1.003241   1.000804   1.057130
 401      "ah-t+ah"    2    4.064940   4.526610   4.467176
 402      "ah-t+ey"    2    7.787763   6.193564   9.352063
 403      "ey-t+ah"    2    2.857389   2.109114   3.716893
 404     "er-sh+ah"    1    6.937954   6.974055   4.081719
 405      "ah-t+ih"    1    1.978401   3.123760   5.312975
 406       "ae-f+g"    1    1.005171   1.004796   1.281184
 407      "v-er+zh"    1    1.041460   4.029585  35.075951
 408      "t-ey+sh"    1   11.763129   1.003703   1.000046
 409       "n-ah+l"    2    2.021710   3.522775   8.394320
 410       "w-uh+d"    1   16.595781   5.069229  15.980909
 411       "ae-k+y"    1    2.498302   1.307029   3.193578
 412       "r-ih+b"    1    1.001639   2.440657   4.251448
 413       "r-ih+t"    1    1.000427   4.291662   7.999639
 414       "ae-l+g"    1   11.859360   3.337163   1.032525
 415       "ae-l+y"    2   13.383297   4.149839   2.160021
 416       "s-uw+p"    1    2.066760   8.981422   1.006081
 417       "l-t+ah"    1    2.049824   2.149020   3.023988
 418       "ae-m+n"    1    1.000065   4.941725   1.051575
 419       "ae-m+p"    3    4.798532  12.040988  19.052759
 420      "iy-r+ay"    1    1.058659  12.851262   7.041627
 421       "ae-n+f"    1    2.000086   1.553442   2.552164
 422       "ae-n+s"    1    5.933422   1.026306   6.913159
 423      "eh-r+ow"    1    1.000697  12.219920   1.003716
 424      "iy-r+ow"    5   14.276258  33.572937  20.756823
 425       "n-iy+d"    1    3.806422   9.797021   3.147534
 426       "n-iy+k"    1    3.005767   1.002036   6.909275
 427         "ow-m"    1    0.999965  26.692171  13.041823
 428         "ow-n"    6   26.025377  20.103628  25.467064
 429        "ey+zh"    1   20.968409   1.035120   1.000038
 430      "ah-l+ah"    1    1.001210   1.458112   1.003508
 431      "ah-l+eh"    1    3.191375   2.845921   1.000136
 432      "ah-l+er"    1   10.472615   1.550488   1.000312
 433       "p-ah+l"    1    5.158032   0.999993   1.000009
 434      "ah-l+ih"    1    0.999960   4.968730   1.000273
 435      "ah-l+ow"    2   14.249208   5.015636   2.004812
 436       "m-ey+d"    1   17.233681   3.245096  21.085413
 437       "m-ey+l"    3   25.102367   8.388466   7.161987
 438       "m-ey+w"    1    7.213288   2.281334   1.005052
 439        "ey-er"    1    1.000996   1.002001  18.904711
 440       "y-uh+r"    1    2.724937   1.006395   1.000038
 441       "l-aw+d"    2   10.504555   2.214272  47.547626
 442         "oy-n"    1   22.482288   0.999944   1.619636
 443         "oy-s"    1    4.991680  15.210013   5.832738
 444         "oy-z"    1    3.342229  16.728765  10.155067
 445        "ey-zh"    1   21.833523  13.593344   0.999785
 446       "t-ih+l"    1    1.988071   3.234403   5.770747
 447       "t-ih+r"    1    3.878747   2.895587   5.741439
 448       "t-ih+v"    1    2.666928   2.662865  10.389645
 449       "n-t+aw"    1    2.990675   2.000336   2.004955
 450      "y-uw+ey"    1    7.983963   1.008629   1.000222
 451     "er-ih+dh"    1    1.000321   1.998555  12.692892
 452       "s-eh+v"    5    9.999698   6.384361  19.946882
 453       "p-iy+r"    1    4.910654   0.999905   3.029219
 454         "z+iy"    5   29.873880  50.617104  10.101017
 455      "hh-eh+d"    2    3.691394   2.280010  18.622557
 456      "hh-eh+l"    4    9.450705   7.777380   5.071162
 457     "th-iy+ah"    1   10.511102   4.324562   4.137109
 458       "t-aa+p"    1    1.859423  20.948654  11.364399
 459       "t-aa+r"    1    1.369706  10.001081  26.800886
 460       "r-ah+m"    2    2.001607   2.074735  13.041984
 461       "n-ay+n"    5   34.099060  27.809607  37.150715
 462      "b-ey+zh"    2   16.192259   7.457726   5.058629
 463      "sh-m+ey"    1    1.012356   1.100968   9.889304
 464       "r-iy+m"    3    4.066838   6.199729  13.114890
 465       "r-iy+v"    1    4.276874   4.561038   5.205571
 466      "ey-d+ah"    1    1.006210   0.999939   0.999949
 467       "oy-l+z"    1    7.998538   1.000876   0.999990
 468        "hh+ah"    1   13.981632   4.796371   1.096549
 469        "hh+aw"    1    1.000099  10.957759  12.897097
 470        "hh+eh"    4   45.516174  32.367847  32.327175
 471        "hh+ow"    1   14.065037   1.000551   7.814594
 472        "hh+uh"    1    3.093206   1.934402  18.056511
 473        "hh+uw"    1    3.816558   1.009534  14.941544
 474       "v-aa+k"    1    8.421878  10.605282   1.038782
 475       "v-aa+l"    3   16.755669  24.187592  10.312845
 476       "t-ah+b"    1    1.123997   3.823931   1.000231
 477       "t-ah+g"    1    1.033685   3.966379   1.049856
 478       "t-ah+l"    6   10.249651   9.031495  20.036636
 479       "t-ah+n"    4   10.100779   6.187769  24.822208
 480       "t-ah+s"    1    3.047039   1.763547   1.017273
 481      "n-ah+dh"    1    1.614877   3.867246   1.832101
 482        "l-p+l"    1    1.047061   3.782082   5.269414
 483        "hh-aa"    1    1.088470   1.000427   1.107865
 484       "ah-k+y"    1    6.299705   5.991694   1.005082
 485        "hh-uw"    1    1.031106   5.140645   9.994412
 486       "y-uw+b"    2   14.093312  13.623008   2.429977
 487       "y-uw+m"    3   15.746810  16.815474  14.791366
 488       "y-uw+p"    1    0.999890   0.999890   1.004013
 489       "y-uw+t"    6   26.606182  34.505985  10.089370
 490       "y-uw+z"    1    3.978508   1.000243   0.999996
 491       "ah-l+z"    1    4.172453   0.999931   0.999846
 492       "r-t+ih"    1    2.404958   2.002525   1.015389
 493       "ah-m+b"    2    2.001606   9.944541   2.001472
 494       "ah-m+p"    4    5.239084  16.781836   6.230630
 495       "ah-m+z"    1    1.002619   7.547482   1.014402
 496       "k-y+uh"    1    5.408003   6.593044   1.003836
 497       "k-y+uw"    5   16.660563  13.207468   6.707608
 498         "r+ay"    1   37.351112  15.913729   6.800858
 499         "r+eh"    1    1.048344   0.999898   1.005940
 500       "v-ae+l"    2    6.240254   6.565551   2.342284
 501         "r+ih"    1    5.386540   1.003869   2.047242
 502       "w-eh+l"    1    1.000851   1.000145   1.361107
 503       "w-eh+r"    1    1.002908   1.000166   1.395478
 504       "w-eh+t"    1    1.013472   1.020694  19.333548
 505       "ah-n+d"    1    3.117749   4.953249   4.055390
 506       "ah-n+s"    1    3.488340   8.533849   3.831203
 507       "ah-n+t"    4    9.624404  13.011978   9.417336
 508       "t-iy+v"    6   14.033268  79.335854  51.120628
 509         "r-iy"    5   22.807531 111.245865  40.552956
 510         "r-jh"    1    2.960119   0.999924  13.034720
 511         "r-ow"    5   51.092567  74.532928 177.000305
 512       "v-ah+n"    6    9.977674   9.322440  23.838148
 513       "t-ao+r"    1    2.180810   0.999761   1.000315
 514       "p-l+ah"    1    1.003767   3.997449   1.000562
 515       "p-l+ey"    6   12.600021  25.251337  18.011473
 516      "k-ch+ah"    1    1.000140   2.600030  10.417944
 517      "k-ch+er"    1    0.999871   2.992929   7.997679
 518       "eh-d+z"    1    2.748211   1.260491   1.078799
 519       "z-ih+k"    1    1.583187   5.771766   7.976104
 520      "hh-ey+v"    1    7.902107   1.000076   1.000320
 521       "ah-s+b"    1    5.052890   1.891509   3.407319
 522      "d-ay+ah"    5    9.533885   8.776932  45.301861
 523       "m-y+ah"    1    1.000323   3.331080   1.000948
 524      "d-ay+jh"    1    2.242145  12.793207   3.757357
 525       "r-ay+t"    7   69.282928  49.184349   8.743157
 526      "ch-oy+s"    1   15.371593   8.308923   2.334441
 527       "m-y+uw"    1    9.853275   1.015960   1.000005
 528      "ng-k+ch"    1    2.014411   1.016566   1.000668
 529       "n-d+ih"    1    4.370653   1.246694   1.288860
 530       "w-er+d"    1    1.003367   1.997867   0.999798
 531       "t-aw+n"    1    1.000357   2.282084  11.509458
 532       "eh-k+s"    1    0.999837   3.360664   6.148364
 533     "zh-ih+ng"    1    0.999963   6.890299  19.703434
 534       "d-v+eh"    1    1.467542   0.999871   1.291136
 535      "l-ow+er"    1   21.889750   1.012978   1.000107
 536       "eh-l+m"    1    0.999903   0.999903   0.999903
 537       "eh-l+p"    3    3.808338   4.418564  21.330294
 538       "eh-l+t"    1   12.321956   3.727093   5.180215
 539      "ah-m+er"    1    1.013347   7.397686   1.457324
 540      "aa-r+th"    1    1.001316   4.615548   4.017023
 541      "uw-z+ih"    1    3.120075   2.212615   1.673336
 542       "eh-n+d"    3   19.011446   8.557878   4.197925
 543       "eh-n+s"    1    0.999906   0.999904   1.000231
 544       "eh-n+y"    1    1.650177   1.299564   1.475081
 545      "t-er+ay"    1    1.000308   1.013677  22.647480
 546      "t-er+ey"    1    2.042555   1.045610  12.907021
 547       "ih-b+y"    1    1.004613   1.000041   1.997069
 548       "eh-r+p"    1    1.000863  22.532703   1.104319
 549       "eh-s+t"    1    5.149168   4.015836   5.921004
 550     "ah-hh+eh"    1   14.768600   4.074668   0.999922
 551       "ih-f+t"    1    1.622185   1.319867   1.002946
 552       "l-m+ah"    1    0.999903   0.999903   0.999903
 553       "z-iy+r"    5   20.670746  40.950916  30.975731
 554      "iy-k+ah"    1    4.039145   3.756617   1.127188
 555      "iy-k+eh"    1    4.989063   2.012255   1.000207
 556      "eh-k+sh"    1    1.308224   3.949142   1.066892
 557      "ow-b+ih"    1    1.568261   1.052591   1.041937
 558         "b+aa"    1    3.480802   4.571105   1.722901
 559         "b+ae"    2    6.830617  15.723560  84.920616
 560         "b+ah"    1    6.964658   1.008299   1.106589
 561         "b+eh"    2   17.185099   4.952334   2.053410
 562         "b+ey"    2    5.643034  38.493637  47.633480
 563         "b+ih"    2    5.424390  60.511616   2.055746
 564         "b+iy"    1    1.000772   1.708780   1.355519
 565         "b+uh"    2    8.927205  14.435659   6.063557
 566         "b+uw"    1    1.132218   1.072463  48.763515
 567      "l-ih+jh"    1    1.003170   1.301935  29.141624
 568      "l-ih+ng"    2    2.001196   5.585575  27.432568
 569      "l-ih+sh"    1    0.999757   0.999725   1.761182
 570       "ih-k+s"    6   27.755489  11.342136   9.946980
 571       "k-oy+l"    1   17.989447   1.010271   0.999981
 572       "k-oy+n"    1    7.999727   7.009986   5.036466
 573     "eh-dh+er"    4   22.990158  54.299465  83.147331
 574         "b-ah"    1    3.528649   1.089660  66.339058
 575        "er-th"    1    6.005281   1.003011   0.999931
 576         "b-ow"    1   17.795334   5.959969  16.061279
 577       "ih-n+f"    1    1.141606   1.016660   1.528058
 578       "aa-f+t"    2   15.302422   2.042276   3.715764
 579         "s+aa"    3   13.934344  34.459587  11.059233
 580         "s+ae"    1    6.781049  13.696809   2.379506
 581         "s+ay"    2    9.915719  17.776886  11.236908
 582      "k-sh+ah"    1    4.983323   9.024163   2.975178
 583         "s+eh"    5   21.875553 109.084923  17.125097
 584         "s+ih"    6   27.380051 117.217033  21.004374
 585      "l-iy+ah"    1    1.916797   7.245014   3.380805
 586         "s+uw"    1    1.949682  13.921515   7.032569
 587      "iy-ah+l"    1    1.001502   4.170923   1.539321
 588      "iy-ah+s"    1    0.999900   1.022873   1.001224
 589      "ah-v+aa"    1    1.009642  11.836388   1.002083
 590      "ah-v+er"    1    1.013027   1.003700   8.372912
 591      "ey-v+ah"    1   10.013547  28.950344   1.055011
 592        "ah+ch"    1    4.729303   0.999950   0.999952
 593        "ah+hh"    1    5.977029   1.048058   1.003394
 594       "b-uh+k"    1    0.999980   1.000051  17.989325
 595       "b-uh+l"    1    0.999794   1.085249   8.546171
 596      "g-eh+dh"    1    1.031028   7.018601   0.999955
 597       "aa-k+s"    2    4.925544   2.079451   2.549590
 598        "ah-ng"    6  100.386391  42.287098 176.052032
 599       "aa-l+y"    2    7.527499   3.373199   2.027572
 600       "aa-m+b"    1    2.530633   6.942935   2.135631
 601        "r-p+l"    1    1.015218   1.007195   4.414680
 602         "ih+k"    1    0.999931   0.999923   3.003200
 603         "ih+l"    1    4.800105   0.999914   1.011300
 604         "ih+n"    1    3.015399   2.114385   3.186708
 605         "ih-k"    2    7.732765  16.955624   2.031067
 606         "ih-p"    1   14.626019   2.890345   5.949224
 607         "ih-v"    1    6.062844   0.999904  11.639569
 608      "eh-t+ah"    1    1.024838   3.490011   1.270772
 609      "iy-t+ah"    1    2.140852   2.348352   1.531466
 610       "aa-r+t"    2   33.695427  18.207228   2.001262
 611       "r-m+ey"    1    1.009965   1.000414   6.007938
 612       "k-r+ah"    1    3.011072   1.979718   1.008293
 613       "k-r+ay"    1    0.999869   0.999858   0.999858
 614       "k-r+ey"    1    2.482804   3.393731   6.517753
 615       "k-r+iy"    1    9.743462   1.000330   3.007751
 616       "d-w+eh"    1    6.051676   7.495508   1.109187
 617         "k+aa"    2    5.112079   9.967210   7.993068
 618         "k+ah"    8   25.535770  24.629051  56.286163
 619         "k+ao"    5   21.640482  17.299236  38.142914
 620         "k+eh"    3   10.194732  15.813640  18.987537
 621         "k+er"    1    5.388603   2.182118   1.082620
 622         "k+oy"    2    2.014321  27.881401  29.015614
 623      "ah-n+ah"    2    3.018546  17.032719   2.051152
 624      "ah-n+ey"    1    7.059030   0.999822   0.999823
 625     "iy-zh+ah"    1    0.999991  15.021791   6.873325
 626      "n-th+iy"    1    1.101567  15.028549   1.997834
 627         "aa+l"    1    3.228059   0.999913  21.257235
 628         "aa+r"    2    3.880269   2.000238   4.978018
 629         "aa-l"    1    2.470431   2.672574  36.680260
 630         "aa-p"    1   19.532200   1.002578   2.001198
 631       "b-uw+t"    1    1.000379  12.148883   1.850196
 632         "ae+b"    2    9.821262   6.569247   3.512120
 633         "ae+d"    1    5.020385   1.993355   3.786824
 634         "ae+f"    1    4.999117   9.657095   9.545034
 635         "ae+g"    1    5.538522  15.708611   6.202998
 636         "ae+k"    2    7.849240  14.489375  12.370280
 637         "ae+l"    2    9.106365   6.668620   2.043894
 638         "ae+m"    3   19.492340   5.042721   7.990149
 639         "ae-k"    1    8.944645  11.508081   1.065749
 640         "ae-n"    2    2.010403   9.515670  12.456602
 641      "ih-r+iy"    1    8.237793   0.999811   1.000145
 642      "uw-b+ah"    1    1.009967   1.027599   1.013028
 643     "er-ey+sh"    1    9.981619   1.016499   0.999920
 644      "r-ih+dh"    1    1.007426   6.165853   9.010476
 645      "ae-b+ah"    1    1.000003   1.000005   1.000000
 646      "r-ih+ng"    1    1.000012   3.500723  11.699183
 647         "ah+b"    5   21.063152   8.721103   9.941432
 648         "ah+g"    1    1.843361   1.000027   0.999907
 649         "ah+k"    2   22.614424   3.660000   2.678155
 650         "ah+n"    2    8.948532   4.290847  20.286232
 651         "ah+p"    1    1.120556   1.008526   8.956722
 652         "ah+v"    1    1.000609   1.012667   8.973538
 653         "ah-l"   23  296.097351 145.321777 273.820862
 654         "ah-m"    1    5.942344   1.073310   6.991601
 655         "ah-n"   23   42.883545 158.191650 169.540848
 656         "ah-p"    1    3.969939   9.623727  24.259928
 657         "ah-s"    3   17.654528  44.398399  44.412983
 658         "ah-t"    2    4.410396   8.381259  24.935392
 659         "ah-z"    1    4.764075  17.251068  23.691906
 660      "eh-l+ah"    1   10.903433   1.000999   1.000103
 661      "hh-ow+m"    1   13.439324   1.002062   0.999924
 662      "dh-ah+m"    2    2.001647   2.031434   2.009860
 663        "dh-er"    5   19.482933  13.097498  10.367715
 664        "dh-ow"    1   17.125139  13.351389  20.466915
 665         "iy+m"    1    2.954253   0.999926   2.990743
 666       "b-eh+l"    1    3.184131   1.000726  12.264703
 667       "b-eh+n"    1    3.077662   1.015875  19.136482
 668         "iy-m"    1    1.000574   8.317183  10.775990
 669         "iy-v"    7   48.338802  14.658506  32.442112
 670       "r-th+r"    1    0.999946   1.836102   3.079519
 671      "r-iy+ah"    2    5.001871   6.265441  30.575916
 672         "ao+l"    3   14.981631  24.992510   6.048780
 673         "ao-l"    5   30.449879  12.169605  58.918308
 674         "ao-r"    5   21.091946  82.989891  24.832895
 675       "uh-d+s"    1    1.000124   1.000010   1.000183
 676      "m-eh+zh"    2    2.032389   2.403853   3.865329
